Cluster,Contribution,Eigenvalue,Intensity,Weight,Assigned Nodes
0,28.7379,247.6652,15.0975,227.9348,40
I,7.2093,163.9286,10.6848,114.1642,56
II,4.2724,144.541,9.3747,87.8855,49
III,4.2613,131.2806,9.3686,87.7715,100
IV,1.9742,119.8797,7.7293,59.7415,36
V,1.8023,86.5252,7.5552,57.0811,35
VI,0.7187,69.3935,6.0039,36.0472,17
VII,0.7094,61.9766,5.9844,35.8126,51
VIII,0.5978,83.0433,5.7337,32.8753,83
IX,0.4597,109.2696,5.3691,28.8277,81
X,0.9242,100.7292,6.3934,40.8753,44
XI,0.3085,55.9884,4.8595,23.6145,39
XII,0.2101,1.8727,4.4145,19.4876,24
XIII,0.1512,2.0233,4.0658,16.5309,15
XIV,0.139,2.0449,3.9816,15.8529,22
XV,0.1065,1.857,3.7246,13.873,17
XVI,0.149,90.1941,4.0511,16.4111,98
XVII,0.0722,1.6875,3.3796,11.4215,17
XVIII,0.0708,1.8094,3.3632,11.3111,36
XIX,0.068,1.7314,3.3302,11.0904,14
XX,0.172,84.4742,4.1993,17.634,96
XXI,0.0538,1.5698,3.1398,9.8584,30
XXII,0.0448,2.121,3.0002,9.0013,17
XXIII,0.0391,1.8213,2.8994,8.4064,28
XXIV,0.0399,35.921,2.9141,8.4919,49
XXV,0.0273,1.5962,2.6511,7.0285,31
XXVI,0.0244,1.5998,2.5774,6.6431,25
XXVII,0.0216,60.3466,2.4992,6.2462,82
XXVIII,0.0213,1.6253,2.4913,6.2068,35
XXIX,0.0199,0.7019,2.4478,5.9919,18
XXX,0.0197,1.582,2.4428,5.9673,34
XXXI,0.017,1.7315,2.3556,5.5489,42
XXXII,0.0157,1.8774,2.307,5.322,21
XXXIII,0.0146,0.6827,2.2658,5.1338,16
XXXIV,0.0131,1.5271,2.206,4.8664,30
XXXV,0.0096,0.6998,2.0417,4.1684,14
XXXVI,0.0095,1.7009,2.037,4.1493,24
XXXVII,0.0087,0.7503,1.9921,3.9684,25
XXXVIII,0.0063,1.7612,1.8401,3.3861,13
XXXIX,0.0049,0.7199,1.7254,2.9769,22
