Cluster,Contribution,Eigenvalue,Intensity,Weight,Assigned Nodes
0,7.7255,204.88,14.3136,204.88,0
I,3.8777,167.5167,12.0479,145.1524,40
II,3.0073,134.4924,11.3061,127.8277,38
III,2.9454,170.9857,11.2475,126.5055,28
IV,2.6483,127.3587,10.9524,119.9548,19
V,2.6495,131.4511,10.9537,119.9834,36
VI,2.4286,139.9146,10.7178,114.8721,29
VII,1.7381,103.4166,9.858,97.1798,21
VIII,1.6406,99.5179,9.7167,94.4135,28
IX,1.4689,122.4213,9.4519,89.3378,32
X,1.4055,116.5893,9.3482,87.3881,16
XI,1.158,109.4075,8.9063,79.3228,31
XII,1.1932,102.1917,8.9731,80.5168,18
XIII,1.0731,81.1643,8.7382,76.357,24
XIV,1.07,125.0519,8.7321,76.2491,26
XV,1.0639,78.7456,8.7196,76.0318,22
XVI,0.9573,103.8142,8.4924,72.1211,17
XVII,0.8176,78.0223,8.1639,66.6499,17
XVIII,0.7812,71.6294,8.0715,65.1492,21
XIX,0.7555,72.6907,8.0045,64.0716,15
XX,0.6789,75.3332,7.7931,60.7331,12
XXI,0.6711,68.1504,7.7708,60.3848,24
XXII,0.5977,74.2385,7.5491,56.9884,20
XXIII,0.5923,59.057,7.532,56.7308,11
XXIV,0.5663,88.9304,7.448,55.4723,15
XXV,0.5493,60.5314,7.3913,54.6318,30
XXVI,0.4807,64.9709,7.1488,51.1056,37
XXVII,0.5032,67.763,7.231,52.2875,13
XXVIII,0.4684,54.5828,7.1028,50.4497,10
XXIX,0.3802,71.3816,6.7419,45.4531,15
XXX,0.3712,53.1927,6.7016,44.9118,21
XXXI,0.2808,43.5918,6.2501,39.0632,16
XXXII,0.2675,41.5049,6.1743,38.1223,14
XXXIII,0.2372,44.9438,5.9919,35.9025,17
XXXIV,0.229,64.7136,5.9392,35.2746,14
XXXV,0.1803,41.9496,5.5944,31.2973,12
XXXVI,0.1507,58.5941,5.3495,28.6171,16
XXXVII,0.1999,57.2774,5.7405,32.9535,13
XXXVIII,0.1111,110.7612,4.9562,24.5642,23
XXXIX,0.1132,87.2117,4.9803,24.8032,22
XL,0.0687,60.0769,4.3955,19.3205,24
XLI,0.0384,65.4716,3.8011,14.4485,11
XLII,0.0292,48.3144,3.5481,12.589,18
XLIII,0.0172,32.1853,3.1094,9.6684,40
XLIV,0.015,27.52,3.0055,9.0333,43
XLV,0.0134,79.2263,2.9195,8.5237,36
XLVI,0.0063,36.0697,2.4194,5.8535,68
XLVII,0.0043,58.5156,2.1995,4.8377,10
XLVIII,0.0024,70.7848,1.8944,3.5888,33
