Cluster,Contribution,Eigenvalue,Intensity,Weight,Assigned Nodes
0,5.4796,10.4488,3.1957,10.2127,19
I,3.6428,8.8528,2.8856,8.327,21
II,2.9882,8.1126,2.7462,7.5417,24
III,2.4084,7.9005,2.602,6.7707,23
IV,2.5403,7.6206,2.637,6.9535,24
V,1.5688,6.394,2.3376,5.4645,30
VI,1.5738,6.1951,2.3395,5.4733,22
VII,1.1334,6.0959,2.1551,4.6447,28
VIII,1.2927,6.0277,2.2272,4.9603,33
IX,0.9192,5.9444,2.0452,4.1828,41
X,0.7623,5.8459,1.9517,3.809,37
XI,1.1465,5.5624,2.1614,4.6715,50
XII,0.7107,4.3757,1.9178,3.6779,53
XIII,0.6449,4.245,1.8718,3.5037,50
XIV,0.5754,4.0877,1.8191,3.3093,37
XV,0.5049,3.4781,1.7607,3.1001,22
XVI,0.4939,3.3592,1.751,3.066,17
XVII,0.4593,4.7255,1.7195,2.9568,25
XVIII,0.411,4.9008,1.6724,2.7969,25
XIX,0.3087,5.4995,1.5569,2.4241,26
XX,0.3421,4.8573,1.5975,2.552,37
XXI,0.2806,2.5469,1.5203,2.3112,33
XXII,0.2729,3.0312,1.5097,2.2793,25
XXIII,0.2132,5.1658,1.4193,2.0145,69
XXIV,0.1497,5.5862,1.2992,1.688,32
XXV,0.176,3.7093,1.3528,1.8302,64
XXVI,0.1435,3.6527,1.2856,1.6529,37
XXVII,0.1015,1.6397,1.179,1.39,5
XXVIII,0.0876,1.7589,1.1363,1.2911,2
XXIX,0.0543,1.6974,1.0085,1.017,7
XXX,0.0454,1.6254,0.9642,0.9297,16
XXXI,0.0179,0.6936,0.7635,0.5829,5
XXXII,0.0178,3.8852,0.7634,0.5829,18
XXXIII,0.0158,5.0369,0.7404,0.5482,54
XXXIV,0.0629,1.5591,1.0461,1.0944,13
XXXV,0.0105,0.712,0.669,0.4476,7
XXXVI,0.0097,1.5172,0.6556,0.4298,24
XXXVII,0.0087,4.7941,0.6384,0.4075,25
XXXVIII,0.0048,1.4612,0.5503,0.3028,27
XXXIX,0.0012,1.4896,0.3891,0.1514,27
